-------------------
48
24

0	15	0	0
1	14.4894	0	3.88036
2	12.9924	0	7.49655
3	10.6108	0	10.6024
4	7.50689	0	12.9864
5	3.8919	0	14.4863
6	0.0119441	0	15
7	-3.86882	0	14.4925
8	-7.48621	0	12.9983
9	-10.5939	0	10.6193
10	-12.9804	0	7.51723
11	-14.4832	0	3.90343
12	-15	0	0.0238882
13	-14.4956	0	-3.85728
14	-13.0043	0	-7.47585
15	-10.6277	0	-10.5855
16	-7.52757	0	-12.9744
17	-3.91497	0	-14.4801
18	-0.0358341	0	-15
19	3.84574	0	-14.4986
20	7.4655	0	-13.0102
21	10.577	0	-10.6361
22	12.9684	0	-7.5379
23	14.477	0	-3.92649
24	25	0	0
25	24.149	0	6.46727
26	21.654	0	12.4943
27	17.6847	0	17.6706
28	12.5115	0	21.644
29	6.4865	0	24.1438
30	0.0199069	0	25
31	-6.44804	0	24.1541
32	-12.477	0	21.6639
33	-17.6565	0	17.6988
34	-21.634	0	12.5287
35	-24.1387	0	6.50572
36	-25	0	0.0398137
37	-24.1593	0	-6.42881
38	-21.6738	0	-12.4598
39	-17.7128	0	-17.6424
40	-12.5459	0	-21.624
41	-6.52495	0	-24.1335
42	-0.0597235	0	-24.9999
43	6.40956	0	-24.1644
44	12.4425	0	-21.6837
45	17.6283	0	-17.7269
46	21.614	0	-12.5632
47	24.1283	0	-6.54416

0	9999	9975
1	9998	9971
2	9997	9973
3	9996	9969
4	9995	9970
5	9994	9971
6	9993	9970
7	9992	9971
8	9991	9964
9	9990	9968
10	9989	9965
11	9988	9963
12	9987	9963
13	9986	9964
14	9985	9958
15	9984	9961
16	9983	9960
17	9982	9956
18	9981	9959
19	9980	9956
20	9979	9954
21	9978	9955
22	9977	9952
23	9976	9953
-------------------
